EMPLOYEE NAME=urja
EMPLOYEE NO=25
					**PAID**

				**FINANCIAL YEAR-2007/08**

 YEAR	BASIC	SP   	DA  	HRA 	CCA 	PPA 	EA 	TA	GS  	PF 	NET
---------------------------------------------------------------------------------------------
11/2007	12650	1000	4665	1191	375	685	360	105	21031	1448	19583
12/2007	13210	1000	4852	1238	375	685	360	105	21825	1504	20321
01/2008	13210	1000	4852	1238	375	685	360	105	21825	1504	20321
02/2008	12784	968	4873	1199	363	669	348	102	21306	1455	19851
03/2008	13210	1000	5035	1238	375	691	360	105	22014	1504	20510
---------------------------------------------------------------------------------------------
TOTAL	65064	4968	24277	6104	1863	3415	1788	522	108001	7415	100586

				**FINANCIAL YEAR-2008/09**

 YEAR	BASIC	SP   	DA  	HRA 	CCA 	PPA 	EA 	TA	GS  	PF 	NET
---------------------------------------------------------------------------------------------
04/2008	13210	1000	5035	1238	375	691	360	105	22014	1504	20510
05/2008	13210	1000	5245	1238	375	698	360	105	22231	1504	20727
06/2008	13210	1000	5245	1238	375	698	360	105	22231	1504	20727
07/2008	13210	1000	5245	1238	375	698	360	105	22231	1504	20727
08/2008	13326	968	5894	1259	363	693	523	102	23128	1527	21601
09/2008	13770	1000	6090	1301	375	716	540	105	23897	1578	22319
10/2008	12852	933	5684	1215	350	668	504	98	22304	1472	20832
11/2008	13770	1000	6972	1301	375	743	540	105	24806	1578	23228
12/2008	13770	1000	6972	1301	375	743	540	105	24806	1578	23228
01/2009	13770	1000	6972	1301	375	743	540	105	24806	1578	23228
02/2009	13770	1000	7441	1301	375	757	540	105	25289	1578	23711
03/2009	13770	1000	7441	1301	375	757	540	105	25289	1578	23711
---------------------------------------------------------------------------------------------
TOTAL	161638	11901	74236	15232	4463	8605	5707	1250	283032	18483	264549

				**FINANCIAL YEAR-2009/10**

 YEAR	BASIC	SP   	DA  	HRA 	CCA 	PPA 	EA 	TA	GS  	PF 	NET
---------------------------------------------------------------------------------------------
04/2009	13770	1000	7441	1301	375	757	540	105	25289	1578	23711
05/2009	13770	1000	7496	1301	375	759	540	105	25346	1578	23768
06/2009	13770	5000	9454	1641	375	759	540	105	31644	1978	29666
07/2009	13770	1000	7496	1301	375	759	540	105	25346	1578	23768
08/2009	12882	5935	10209	1657	351	725	674	98	32531	1993	30538
09/2009	13770	1000	8114	1317	375	775	720	105	26176	1596	24580
10/2009	13770	1000	8114	1317	375	775	720	105	26176	1596	24580
11/2009	13770	1000	9759	1317	375	825	720	105	27871	1596	26275
12/2009	13770	1000	9759	1317	375	825	720	105	27871	1596	26275
01/2009	13326	968	9335	1259	363	798	523	102	26674	1527	25147
02/2010	13770	1000	10651	1317	375	852	720	105	28790	1596	27194
03/2010	13770	1000	10651	1317	375	852	720	105	28790	1596	27194
---------------------------------------------------------------------------------------------
TOTAL	163908	20903	108479	16362	4464	9461	7677	1250	332504	19808	312696

				**FINANCIAL YEAR-2010/11**

 YEAR	BASIC	SP   	DA  	HRA 	CCA 	PPA 	EA 	TA	GS  	PF 	NET
---------------------------------------------------------------------------------------------
04/2010	13770	1000	10651	1317	375	852	720	105	28790	1596	27194
---------------------------------------------------------------------------------------------
TOTAL	13770	1000	10651	1317	375	852	720	105	28790	1596	27194

					**GRAND TOTAL**

 YEAR	BASIC	SP   	DA  	HRA 	CCA 	PPA 	EA 	TA	GS  	PF 	NET
----------------------------------------------------------------------------------------------
GRAND	404380	38772	217643	39015	11165	22333	15892	3127	752327	47302	705025
TOTAL
----------------------------------------------------------------------------------------------
						MADE BY
						HARSH RAJNIKANT KOTHARI