EMPLOYEE NAME=a
EMPLOYEE NO=3
					**PAYABLE**

				**FINANCIAL YEAR-2007/08**

 YEAR	BASIC	SP   	DA  	HRA 	PPA 	EA 	TA	GS  	PF 	NET
--------------------------------------------------------------------------------------
11/2007	21500	910	1649	2290	820	490	275	27934	2360	25574
12/2007	21500	910	1649	2290	820	490	275	27934	2360	25574
01/2008	21500	910	1649	2290	820	490	275	27934	2360	25574
02/2008	20806	881	1828	2216	801	474	266	27272	2283	24989
03/2008	21500	910	1889	2290	828	490	275	28182	2360	25822
--------------------------------------------------------------------------------------
TOTAL	106806	4521	8664	11376	4089	2434	1366	139256	11723	127533

				**FINANCIAL YEAR-2008/09**

 YEAR	BASIC	SP   	DA  	HRA 	PPA 	EA 	TA	GS  	PF 	NET
--------------------------------------------------------------------------------------
04/2008	21500	910	1889	2290	828	490	275	28182	2360	25822
05/2008	21500	910	2164	2290	836	490	275	28465	2360	26105
06/2008	21500	910	2164	2290	836	490	275	28465	2360	26105
07/2008	21500	910	2164	2290	836	490	275	28465	2360	26105
08/2008	20806	881	2792	2216	831	474	266	28266	2283	25983
09/2008	21500	910	2885	2290	858	490	275	29208	2360	26848
10/2008	21500	910	2885	2290	858	490	275	29208	2360	26848
11/2008	21500	910	3985	2290	892	490	275	30342	2360	27982
12/2008	21500	910	3985	2290	892	490	275	30342	2360	27982
01/2009	21500	910	3985	2290	892	490	275	30342	2360	27982
02/2009	21500	910	4569	2290	910	490	275	30944	2360	28584
03/2009	21500	910	4569	2290	910	490	275	30944	2360	28584
--------------------------------------------------------------------------------------
TOTAL	257306	10891	38036	27406	10379	5864	3291	353173	28243	324930

				**FINANCIAL YEAR-2009/10**

 YEAR	BASIC	SP   	DA  	HRA 	PPA 	EA 	TA	GS  	PF 	NET
--------------------------------------------------------------------------------------
04/2009	21500	910	4569	2290	910	490	275	30944	2360	28584
05/2009	21500	910	4637	2290	912	490	275	31014	2360	28654
06/2009	21500	910	4637	2290	912	490	275	31014	2360	28654
07/2009	21500	910	4637	2290	912	490	275	31014	2360	28654
08/2009	20113	851	4948	2142	872	458	257	29641	2207	27434
09/2009	21500	910	5290	2290	932	490	275	31687	2360	29327
10/2009	21500	910	5290	2290	932	490	275	31687	2360	29327
11/2009	21500	910	7317	2290	994	490	275	33776	2360	31416
12/2009	21500	910	7317	2290	994	490	275	33776	2360	31416
01/2010	21500	910	7317	2290	994	490	275	33776	2360	31416
02/2010	21500	910	8416	2290	1027	490	275	34908	2360	32548
03/2010	21500	910	8416	2290	1027	490	275	34908	2360	32548
--------------------------------------------------------------------------------------
TOTAL	256613	10861	72791	27332	11418	5848	3282	388145	28167	359978

				**FINANCIAL YEAR-2010/11**

 YEAR	BASIC	SP   	DA  	HRA 	PPA 	EA 	TA	GS  	PF 	NET
--------------------------------------------------------------------------------------
04/2010	21500	910	8416	2290	1027	490	275	34908	2360	32548
--------------------------------------------------------------------------------------
TOTAL	21500	910	8416	2290	1027	490	275	34908	2360	32548

					**GRAND TOTAL**

 YEAR	BASIC	SP   	DA  	HRA 	PPA 	EA 	TA	GS  	PF 	NET
---------------------------------------------------------------------------------------
GRAND	642225	27183	127907	68404	26913	14636	8214	915482	70493	844989
TOTAL
---------------------------------------------------------------------------------------
						MADE BY
						HARSH RAJNIKANT KOTHARI